100
3
4 3 2 7 6 5 1 9 8
5 7 6 8 1 9 2 4 3
9 8 1 3 2 4 6 5 7
7 6 5 1 9 8 4 3 2
8 1 9 2 4 3 5 7 6
3 2 4 6 5 7 9 8 1
1 9 8 4 3 2 7 6 5
2 4 3 5 7 6 8 1 9
6 5 7 9 8 1 3 2 4
3
4 6 8 7 9 2 1 3 5
2 7 3 5 1 6 8 4 9
9 5 1 3 8 4 6 2 7
7 9 2 1 3 5 4 6 8
5 1 6 8 4 9 2 7 3
3 8 4 6 2 7 9 5 1
1 3 5 4 6 8 7 9 2
8 4 9 2 7 3 5 1 6
6 2 7 9 5 1 3 8 4
3
1 9 5 4 3 8 7 6 2
8 7 3 2 1 6 5 4 9
6 2 4 9 5 7 3 8 1
4 3 8 7 6 2 1 9 5
2 1 6 5 4 9 8 7 3
9 5 7 3 8 1 6 2 4
7 6 2 1 9 5 4 3 8
5 4 9 8 7 3 2 1 6
3 8 1 6 2 4 9 5 7
3
4 3 5 7 6 8 1 9 2
2 7 9 5 1 3 8 4 6
6 8 1 9 2 4 3 5 7
7 6 8 1 9 2 4 3 5
5 1 3 8 4 6 2 7 9
9 2 4 3 5 7 6 8 1
1 9 2 4 3 5 7 6 8
8 4 6 2 7 9 5 1 3
3 5 7 6 8 1 9 2 4
3
4 9 2 7 3 5 1 6 8
5 7 6 8 1 9 2 4 3
3 8 1 6 2 4 9 5 7
7 3 5 1 6 8 4 9 2
8 1 9 2 4 3 5 7 6
6 2 4 9 5 7 3 8 1
1 6 8 4 9 2 7 3 5
2 4 3 5 7 6 8 1 9
9 5 7 3 8 1 6 2 4
3
1 6 5 4 9 8 7 3 2
8 4 9 2 7 3 5 1 6
3 2 7 6 5 1 9 8 4
4 9 8 7 3 2 1 6 5
2 7 3 5 1 6 8 4 9
6 5 1 10 8 4 3 2 7
7 3 2 1 6 5 4 9 8
5 1 6 8 4 9 2 7 3
9 8 4 3 2 7 6 5 1
3
7 9 2 1 3 5 4 6 8
8 1 6 2 4 9 5 7 3
3 5 4 6 8 7 9 2 1
1 3 5 4 6 8 7 9 2
2 4 9 5 7 3 8 1 6
6 8 7 9 2 1 3 5 4
4 6 8 7 9 2 1 3 5
5 7 3 8 1 6 2 4 9
9 2 1 3 5 4 6 8 7
3
1 3 5 4 6 8 7 9 2
8 4 9 2 7 3 5 1 6
6 2 7 9 5 1 3 8 4
4 6 8 7 9 2 1 3 5
2 7 3 5 1 6 8 4 9
9 5 1 3 8 4 6 2 7
7 9 2 1 3 5 4 6 8
5 1 6 8 4 9 2 7 3
3 8 4 6 2 7 9 5 1
3
7 3 8 1 6 2 4 9 5
5 1 9 8 4 3 2 7 6
6 2 4 9 5 7 3 8 1
1 6 2 4 9 5 7 3 8
8 4 3 2 7 6 5 1 9
9 5 7 3 8 1 6 2 4
4 9 5 7 3 8 1 6 2
2 7 6 5 1 9 8 4 3
3 8 1 6 2 4 9 5 7
3
4 9 5 7 3 8 1 6 2
2 1 6 5 4 9 8 7 3
3 8 7 6 2 1 9 5 4
7 3 8 1 6 2 4 9 5
5 4 9 8 7 3 2 1 6
6 2 1 9 5 4 3 8 7
1 6 2 4 9 5 7 3 8
8 7 3 2 1 6 5 4 9
9 5 4 3 8 7 6 2 1
3
7 6 2 1 9 5 4 3 8
5 4 9 8 7 3 2 1 6
3 8 1 6 2 4 9 5 7
1 9 5 4 3 8 7 6 2
8 7 3 2 1 6 5 4 9
6 2 4 9 5 7 3 8 1
4 3 8 7 6 2 1 9 5
2 1 6 5 4 9 8 7 3
9 5 7 3 8 1 6 2 4
3
4 9 2 7 3 5 1 6 8
5 7 6 8 1 9 2 4 3
3 8 1 6 2 4 9 5 7
7 4 5 1 6 8 4 9 2
8 1 9 2 4 3 5 7 6
6 2 4 9 5 7 3 8 1
1 6 8 4 9 2 7 3 5
2 4 3 5 7 6 8 1 9
9 5 7 3 8 1 6 2 4
3
4 6 8 7 9 2 1 3 5
5 1 3 8 4 6 2 7 9
9 2 7 3 5 1 6 8 4
7 9 2 1 3 5 4 6 8
8 4 6 2 7 9 5 1 3
3 5 1 6 8 4 9 2 7
1 3 5 4 6 8 7 9 2
2 7 9 5 1 3 8 4 6
6 8 4 9 2 7 3 5 1
3
4 3 8 7 6 2 1 9 5
2 7 6 5 1 9 8 4 3
9 5 1 3 8 4 6 2 7
7 6 2 1 9 5 4 3 8
5 1 9 8 4 3 2 7 6
3 8 4 6 2 7 9 5 1
1 9 5 4 3 8 7 6 2
8 4 3 2 7 6 5 1 9
6 2 7 9 5 1 3 8 4
3
373 369 371 367 372 374 370 375 368
368 367 372 371 370 375 374 373 369
375 374 370 369 368 373 372 371 367
367 372 374 370 375 368 373 369 371
371 370 375 374 373 369 368 367 372
369 368 373 372 371 367 375 374 370
370 375 368 373 369 371 367 372 374
374 373 369 368 367 372 371 370 375
372 371 367 375 374 370 369 368 373
3
1 9 8 4 3 2 7 6 5
2 4 3 5 7 6 8 1 9
6 5 7 9 8 1 3 2 4
4 3 2 7 6 5 1 9 8
5 7 6 8 1 9 2 4 3
9 8 1 3 2 4 6 5 7
7 6 5 1 9 8 4 3 2
8 1 9 2 4 3 5 7 6
3 2 4 6 5 7 9 8 1
3
7 9 2 1 3 5 4 6 8
8 1 6 2 4 9 5 7 3
3 5 4 6 8 7 9 2 1
1 3 5 4 6 8 7 9 2
2 4 9 5 7 3 8 1 6
6 8 7 9 2 1 3 5 4
4 6 8 7 9 2 1 3 5
5 7 3 8 1 6 2 4 9
9 2 1 3 5 4 6 8 7
3
7 3 8 1 6 2 4 9 5
2 5 9 5 7 3 8 1 6
6 5 1 9 8 4 3 2 7
1 6 2 4 9 5 7 3 8
5 7 3 8 1 6 2 4 9
9 8 4 3 2 7 6 5 1
4 9 5 7 3 8 1 6 2
8 1 6 2 4 9 5 7 3
3 2 7 6 5 1 9 8 4
3
4 3 8 7 6 2 1 9 5
2 7 9 5 1 3 8 4 6
6 5 1 9 8 4 3 2 7
7 6 2 1 9 5 4 3 8
5 1 3 8 4 6 2 7 9
9 8 4 3 2 7 6 5 1
1 9 5 4 3 8 7 6 2
8 4 6 2 7 9 5 1 3
3 2 7 6 5 1 9 8 4
3
1 9 5 4 3 8 7 6 3
8 7 6 2 1 9 5 4 3
3 2 4 6 5 7 9 8 1
4 3 8 7 6 2 1 9 5
2 1 9 5 4 3 8 7 6
6 5 7 9 8 1 3 2 4
7 6 2 1 9 5 4 3 8
5 4 3 8 7 6 2 1 9
9 8 1 3 2 4 6 5 7
3
4 3 8 7 6 2 1 9 5
2 7 6 5 1 9 8 4 3
9 5 1 3 8 4 6 2 7
7 6 2 1 9 5 4 3 8
5 1 9 8 4 3 2 7 6
3 8 4 6 2 7 9 5 1
1 9 5 4 3 8 7 6 2
8 4 3 2 7 6 5 1 9
6 2 7 9 5 1 3 8 4
3
4 9 8 7 3 2 1 6 5
2 7 3 5 1 6 8 4 9
6 5 1 9 8 4 3 2 7
7 3 2 1 6 5 4 9 8
5 1 6 8 4 9 2 7 3
9 8 4 3 2 7 6 5 1
1 6 5 4 9 8 7 3 2
8 4 9 2 7 3 5 1 6
3 2 7 6 5 1 9 8 4
3
4 9 2 7 3 5 1 6 8
8 7 6 2 1 9 5 4 3
3 5 1 6 8 4 9 2 7
7 3 5 1 6 8 4 9 2
2 1 9 5 4 3 8 7 6
6 8 4 9 2 7 3 5 1
1 6 8 4 9 2 7 3 5
5 4 3 8 7 6 2 1 9
10 2 7 3 5 1 6 8 4
3
1 3 2 4 6 5 7 9 8
5 4 9 8 7 3 2 1 6
6 8 7 9 2 1 3 5 4
4 6 5 7 9 8 1 3 2
8 7 3 2 1 6 5 4 9
9 2 1 3 5 4 6 8 7
7 9 8 1 3 2 4 6 5
2 1 6 5 4 9 8 7 3
3 5 4 6 8 7 9 2 1
3
7 6 5 1 9 8 4 3 2
2 1 3 5 4 6 8 7 9
9 8 4 3 2 7 6 5 1
1 9 8 4 3 2 7 6 5
5 4 6 8 7 9 2 1 3
3 2 7 6 5 1 9 8 4
4 3 2 7 6 5 1 9 8
8 7 9 2 1 3 5 4 6
6 5 1 9 8 4 3 2 7
3
4 6 5 7 9 8 1 3 2
2 1 3 5 4 6 8 7 9
9 8 7 3 2 1 6 5 4
7 9 8 1 3 2 4 6 5
5 4 6 8 7 9 2 1 3
3 2 1 6 5 4 9 8 7
1 3 2 4 6 5 7 9 8
8 7 9 2 1 3 5 4 6
6 5 4 9 8 7 3 2 1
3
155 160 159 158 163 162 161 157 156
162 158 157 156 161 160 159 155 163
163 156 161 157 159 155 160 162 158
158 163 162 161 157 156 155 160 159
156 161 160 159 155 163 162 158 157
157 159 155 160 162 158 163 156 161
161 157 156 155 160 159 158 163 162
159 155 163 162 158 157 156 161 160
160 162 158 163 156 161 157 159 155
3
5 5 5 5 5 5 5 5 5
5 5 5 5 5 5 5 5 5
5 5 5 5 5 5 5 5 5
5 5 5 5 5 5 5 5 5
5 5 5 5 5 5 5 5 5
5 5 5 5 5 5 5 5 5
5 5 5 5 5 5 5 5 5
5 5 5 5 5 5 5 5 5
5 5 5 5 5 5 5 5 5
3
7 6 5 1 9 8 4 3 2
8 1 9 2 4 3 5 7 6
3 2 4 6 5 7 9 8 1
1 9 8 4 3 2 7 6 5
2 4 3 5 7 6 8 1 9
6 5 7 9 8 1 3 2 4
4 3 2 7 6 5 1 9 8
5 7 6 8 1 9 2 4 3
9 8 1 3 2 4 6 5 7
3
4 6 2 7 9 5 1 3 8
5 7 9 8 1 3 2 4 6
3 8 1 6 2 4 9 5 7
7 9 5 1 3 8 4 6 2
8 1 3 2 4 6 5 7 9
6 2 4 9 5 7 3 8 1
1 3 8 4 6 2 7 9 5
2 4 6 5 7 9 8 1 3
9 5 7 3 8 1 6 2 4
3
4 3 2 7 6 5 1 9 8
8 7 6 2 1 9 5 4 3
9 5 1 3 8 4 6 2 7
7 6 5 1 9 8 4 3 2
2 1 9 5 4 3 8 7 6
3 8 4 6 2 7 9 5 1
1 9 8 4 3 2 7 6 5
5 4 3 8 7 6 2 1 9
6 2 7 9 5 1 3 8 4
3
4 9 8 7 3 2 1 6 5
5 1 6 8 4 9 2 7 3
3 2 7 6 5 1 9 8 4
7 3 2 1 6 5 4 9 8
8 4 9 2 7 3 5 1 6
6 5 1 9 8 4 3 2 7
1 6 5 4 9 8 7 3 2
2 7 3 5 1 6 8 4 9
9 8 4 3 2 7 6 5 1
3
133 138 140 136 141 134 139 135 137
137 136 135 140 139 138 134 133 141
141 134 139 135 137 133 138 140 136
136 141 134 139 135 137 133 138 140
140 139 138 134 133 141 137 136 135
135 137 133 138 140 136 141 134 139
139 135 137 133 138 140 136 141 134
134 133 141 137 136 135 140 139 138
138 140 136 141 134 139 135 137 133
3
7 6 5 1 9 8 4 3 2
8 1 3 2 4 6 5 7 9
9 2 4 3 5 7 6 8 1
1 9 8 4 3 2 7 6 5
2 4 6 5 7 9 8 1 3
3 5 7 6 8 1 9 2 4
4 3 2 7 6 5 1 9 8
5 7 9 8 1 3 2 4 6
6 8 1 9 2 4 3 5 7
3
7 3 5 1 6 8 4 9 2
8 1 9 2 4 3 5 7 6
6 2 4 9 5 7 3 8 1
1 6 8 4 9 2 7 3 5
2 4 3 5 7 6 8 1 9
9 5 7 3 8 1 6 2 4
4 9 2 7 3 5 1 6 8
5 7 6 8 1 9 2 4 3
3 8 1 6 2 4 9 5 7
3
1 6 2 4 9 5 7 3 8
8 4 9 2 7 3 5 1 6
3 5 7 6 8 1 9 2 4
4 9 5 7 3 8 1 6 2
2 7 3 5 1 6 8 4 9
6 8 1 9 2 4 3 5 7
7 3 8 1 6 2 4 9 5
5 1 6 8 4 9 2 7 3
9 2 4 3 5 7 6 8 1
3
1 3 8 4 6 2 7 9 5
2 7 6 5 1 9 8 4 3
9 5 4 3 8 7 6 2 1
4 6 2 7 9 5 1 3 8
5 1 9 8 4 3 2 7 6
3 8 7 6 2 1 9 5 4
7 9 5 1 3 8 4 6 2
8 4 3 2 7 6 5 1 9
6 2 1 9 5 4 3 8 7
3
7 9 8 1 3 2 4 6 5
2 4 3 5 7 6 8 1 9
6 5 1 9 8 4 3 2 7
1 3 2 4 6 5 7 9 8
5 7 6 8 1 9 2 4 3
9 8 4 3 2 7 6 5 1
4 6 5 7 9 8 1 3 2
8 1 9 2 4 3 5 7 6
3 2 7 6 5 1 9 8 4
3
450 458 457 453 452 451 456 455 454
454 456 455 457 450 458 451 453 452
452 451 453 455 454 456 458 457 450
453 452 451 456 455 454 450 458 457
457 450 458 451 453 452 454 456 455
455 454 456 458 457 450 452 451 453
456 455 454 450 458 457 453 452 451
451 453 452 454 456 455 457 450 458
458 457 450 452 451 453 455 454 456
3
7 9 8 1 3 2 4 6 5
5 1 6 8 4 9 2 7 3
3 2 4 6 5 7 9 8 1
1 3 2 4 6 5 7 9 8
8 4 9 2 7 3 5 1 6
6 5 7 9 8 1 3 2 4
4 6 5 7 9 8 1 3 2
2 7 3 5 1 6 8 4 9
9 8 1 3 2 4 6 5 7
3
5 5 5 5 5 5 5 5 5
5 5 5 5 5 5 5 5 5
5 5 5 5 5 5 5 5 5
5 5 5 5 5 5 5 5 5
5 5 5 5 5 5 5 5 5
5 5 5 5 5 5 5 5 5
5 5 5 5 5 5 5 5 5
5 5 5 5 5 5 5 5 5
5 5 5 5 5 5 5 5 5
3
1 9 8 4 3 2 7 6 5
5 7 6 8 1 9 2 4 3
3 2 4 6 5 7 9 8 1
4 3 2 7 6 5 1 9 8
8 1 9 2 4 3 5 7 6
6 5 7 9 8 1 3 2 4
7 6 5 1 9 8 4 3 2
3 4 3 5 7 6 8 1 9
9 8 1 3 2 4 6 5 7
3
7 6 8 1 9 3 4 3 5
2 4 9 5 7 3 8 1 6
3 5 1 6 8 4 9 2 7
1 9 2 4 3 5 7 6 8
5 7 3 8 1 6 2 4 9
6 8 4 9 2 7 3 5 1
4 3 5 7 6 8 1 9 2
8 1 6 2 4 9 5 7 3
9 2 7 3 5 1 6 8 4
3
1 9 2 4 3 5 7 6 8
5 4 3 8 7 6 2 1 9
6 8 7 9 2 1 3 5 4
4 3 5 7 6 8 1 9 2
8 7 6 2 1 9 5 4 3
9 2 1 3 5 4 6 8 7
7 6 8 1 9 2 4 3 5
2 1 9 5 4 3 8 7 6
3 5 4 6 8 7 9 2 1
3
7 6 2 1 9 5 4 3 8
5 4 9 8 7 3 2 1 6
3 8 1 6 2 4 10 5 7
1 9 5 4 3 8 7 6 2
8 7 3 2 1 6 5 4 9
6 2 4 9 5 7 3 8 1
4 3 8 7 6 2 1 9 5
2 1 6 5 4 9 8 7 3
9 5 7 3 8 1 6 2 4
3
4 9 5 7 3 8 1 6 2
8 1 3 2 4 6 5 7 9
6 2 7 9 5 1 3 8 4
7 3 8 1 6 2 4 9 5
2 4 6 5 7 9 8 1 3
9 5 1 3 8 4 6 2 7
1 6 2 4 9 5 7 3 8
5 7 9 8 1 3 2 4 6
3 8 4 6 2 7 9 5 1
3
318 320 319 312 314 313 315 317 316
316 312 314 319 315 317 313 318 320
317 313 315 320 316 318 314 319 312
312 314 313 315 317 316 318 320 319
319 315 317 313 318 320 316 312 314
320 316 318 314 319 312 317 313 315
315 317 316 318 320 319 312 314 313
313 318 320 316 312 314 319 315 317
314 319 312 317 313 315 320 316 318
3
7 3 8 1 6 2 4 9 5
2 1 6 5 4 9 8 7 3
9 5 4 3 8 7 6 2 1
1 6 2 4 9 5 7 3 8
5 4 9 8 7 3 2 1 6
3 8 7 6 2 1 9 5 4
4 9 5 7 3 8 1 6 2
8 7 3 2 1 6 5 4 9
7 2 1 9 5 4 3 8 7
3
4 3 8 7 6 2 1 9 5
5 1 6 8 4 9 2 7 3
9 2 7 3 5 1 7 8 4
7 6 2 1 9 5 4 3 8
8 4 9 2 7 3 5 1 6
3 5 1 6 8 4 9 2 7
1 9 5 4 3 8 7 6 2
2 7 3 5 1 6 8 4 9
6 8 4 9 2 7 3 5 1
3
1 9 8 4 3 2 7 6 5
5 7 6 8 1 9 2 4 3
3 2 4 6 5 7 9 8 1
4 3 2 7 6 5 1 9 8
8 1 9 2 4 3 5 7 6
6 5 7 9 8 1 3 2 4
7 6 5 1 9 8 4 3 2
2 4 3 5 7 6 8 1 9
9 8 1 3 2 4 6 5 7
3
4 6 8 7 9 2 1 3 5
5 7 3 8 1 6 2 4 9
9 2 1 3 5 4 6 8 7
7 9 2 1 3 5 4 6 8
8 1 6 2 4 9 5 7 3
3 5 4 6 8 7 9 2 1
1 3 5 4 6 8 7 9 2
2 4 9 5 7 3 8 1 6
6 8 7 9 2 1 3 5 4
3
1 6 8 4 9 2 7 3 5
5 7 9 8 1 3 2 4 6
3 2 4 6 5 7 9 8 1
4 9 2 7 3 5 1 6 8
8 1 3 2 4 6 5 7 9
6 5 7 9 8 1 3 2 4
7 3 5 1 6 8 4 9 2
2 4 6 5 7 9 8 1 3
9 8 1 3 2 4 6 5 7
3
4 6 5 7 9 8 1 3 2
2 7 3 5 1 6 8 4 9
9 8 1 3 2 4 6 5 7
7 9 8 1 3 2 4 6 5
5 1 6 8 4 9 2 7 3
3 2 4 6 5 7 9 8 1
1 3 2 4 6 5 7 9 8
8 4 9 2 7 3 5 1 6
6 5 7 9 8 1 3 2 4
3
7 6 5 1 9 8 4 3 2
8 1 9 2 4 3 5 7 6
3 2 4 6 5 7 9 8 1
1 9 8 4 3 2 7 6 5
2 4 3 5 7 6 8 1 9
6 5 7 9 8 1 3 2 4
4 3 2 7 6 5 1 9 8
5 7 6 8 1 9 2 4 3
9 8 1 3 2 4 6 5 7
3
1 6 2 4 9 5 7 3 8
5 7 3 8 1 6 2 4 9
9 8 4 3 2 7 6 5 1
4 9 5 7 3 8 1 6 2
8 1 6 2 4 9 5 7 3
3 2 7 6 5 1 9 8 4
7 3 8 1 6 2 4 9 5
2 4 9 5 7 3 8 1 6
6 5 1 9 8 4 3 2 7
3
4 3 2 7 6 5 1 9 8
5 1 9 8 4 3 2 7 6
6 8 7 9 2 1 3 5 4
7 6 5 1 9 8 4 3 2
8 4 3 2 7 6 5 1 9
9 2 1 3 5 4 6 8 7
1 9 8 4 3 2 7 6 5
2 7 6 5 1 9 8 4 3
3 5 4 6 8 7 9 2 1
3
4 6 2 7 9 5 1 3 8
5 7 3 8 1 6 2 4 9
9 8 1 3 2 4 6 5 7
7 9 5 1 3 8 4 6 2
8 1 6 2 4 9 5 7 3
3 2 4 6 5 7 9 8 1
1 3 8 4 6 2 7 10 5
2 4 9 5 7 3 8 1 6
6 5 7 9 8 1 3 2 4
3
4 3 8 7 6 2 1 9 5
5 1 6 8 4 9 2 7 3
9 2 7 3 5 1 6 8 4
7 6 2 1 9 5 4 3 8
8 4 9 2 7 3 5 1 6
3 5 1 6 8 4 9 2 7
1 9 5 4 3 8 7 6 2
2 7 3 5 1 6 8 4 9
6 8 4 9 2 7 3 5 1
3
1 3 5 4 6 8 7 9 2
2 4 6 5 7 9 8 1 3
9 8 7 3 2 1 6 5 4
4 6 8 7 9 2 1 3 5
5 7 9 8 1 3 2 4 6
3 2 1 6 5 4 9 8 7
7 9 2 1 3 5 4 6 8
8 1 3 2 4 6 5 7 9
6 5 4 9 8 7 3 2 1
3
4 6 2 7 9 5 1 3 8
5 1 9 8 4 3 2 7 6
3 8 7 6 2 1 9 5 4
7 9 5 1 3 8 4 6 2
8 4 3 2 7 6 5 1 9
6 2 1 9 5 4 3 8 7
1 3 8 4 6 2 7 9 5
2 7 6 5 1 9 8 4 3
9 5 4 3 8 7 6 2 1
3
7 6 5 1 9 8 4 3 2
2 4 3 5 7 6 8 1 9
9 8 1 3 2 4 6 5 7
1 9 8 4 3 2 7 6 5
5 7 6 8 1 9 2 4 3
3 2 4 6 5 7 9 8 1
4 3 2 7 6 5 1 9 8
8 1 9 2 4 3 5 7 6
6 5 7 9 8 1 3 2 4
3
4 9 2 7 3 5 1 6 8
8 1 6 2 4 9 5 7 3
3 5 7 6 8 1 9 2 4
7 3 5 1 6 8 4 9 2
2 4 9 5 7 3 8 1 6
6 8 1 9 2 4 3 5 7
1 6 8 4 9 2 7 3 5
5 7 3 8 1 6 2 4 9
9 2 4 3 5 7 6 8 1
3
4 9 5 7 3 8 1 6 2
2 1 3 5 4 6 8 7 9
6 8 7 9 2 1 3 5 4
7 3 8 1 6 2 4 9 5
5 4 6 8 7 9 2 1 3
9 2 1 3 5 4 6 8 7
1 6 2 4 9 5 7 3 8
8 7 9 2 1 3 5 4 6
3 5 4 6 8 7 9 2 1
3
7 3 2 1 6 5 4 9 8
8 4 6 2 7 9 5 1 3
9 5 1 3 8 4 6 2 7
1 6 5 4 9 8 7 3 2
2 7 9 5 1 3 8 4 6
3 8 4 6 2 7 9 5 1
4 9 8 7 3 2 1 6 5
5 1 3 8 4 6 2 7 9
6 2 7 9 5 1 3 8 4
3
4 6 8 7 9 2 1 3 5
5 1 9 8 4 3 2 7 6
3 2 7 6 5 1 9 8 4
7 9 2 1 3 5 4 6 8
8 4 3 2 7 6 5 1 9
6 5 1 9 9 4 3 2 7
1 3 5 4 6 8 7 9 2
2 7 6 5 1 9 8 4 3
9 8 4 3 2 7 6 5 1
3
7 3 8 1 6 2 4 9 5
5 1 9 8 4 3 2 7 6
6 2 4 9 5 7 3 8 1
1 6 2 4 9 5 7 3 8
8 4 3 2 7 6 5 1 9
9 5 7 3 8 1 6 2 4
4 9 5 7 3 8 1 6 2
2 7 6 5 1 9 8 4 3
3 8 1 6 2 4 9 5 7
3
1 9 5 4 3 8 7 6 2
2 4 6 5 7 9 8 1 3
3 8 7 6 2 1 9 5 4
4 3 8 7 6 2 1 9 5
5 7 9 8 1 3 2 4 6
6 2 1 9 5 4 3 8 7
7 6 2 1 9 5 4 3 8
8 1 3 2 4 6 5 7 9
9 5 4 3 8 7 6 2 1
3
404 412 405 407 406 408 410 409 411
408 407 406 411 410 409 405 404 412
409 411 410 412 405 404 406 408 407
407 406 408 410 409 411 404 412 405
411 410 409 405 404 412 408 407 406
412 405 404 406 408 407 409 411 410
410 409 411 404 412 405 407 406 408
405 404 412 408 407 406 411 410 409
406 408 407 409 411 410 412 405 404
3
7 3 2 1 6 5 4 9 8
8 1 9 2 4 3 5 7 6
6 5 4 9 8 7 3 2 1
1 6 5 4 9 8 7 3 2
2 4 3 5 7 6 8 1 9
9 8 7 3 2 1 6 5 4
4 9 8 7 3 2 1 6 5
5 7 6 8 1 9 2 4 3
3 2 1 6 5 4 9 8 7
3
7 10 2 1 3 5 4 6 8
5 4 6 8 7 9 2 1 3
3 8 1 6 2 4 9 5 7
1 3 5 4 6 8 7 9 2
8 7 9 2 1 3 5 4 6
6 2 4 9 5 7 3 8 1
4 6 8 7 9 2 1 3 5
2 1 3 5 4 6 8 7 9
9 5 7 3 8 1 6 2 4
3
129 137 130 132 131 133 135 134 136
136 132 134 130 135 137 133 129 131
131 133 135 134 136 129 137 130 132
132 131 133 135 134 136 129 137 130
130 135 137 133 129 131 136 132 134
134 136 129 137 130 132 131 133 135
135 134 136 129 137 130 132 131 133
133 129 131 136 132 134 130 135 137
137 130 132 131 133 135 134 136 129
3
7 3 8 1 6 2 4 9 5
5 1 9 8 4 3 2 7 6
6 2 4 9 5 7 3 8 1
1 6 2 4 9 5 7 3 8
8 4 3 2 7 6 5 1 9
9 5 7 3 8 1 6 2 4
4 9 5 7 3 8 1 6 2
2 7 6 5 1 9 8 4 3
3 8 1 6 2 4 9 5 7
3
7 3 2 1 6 5 4 9 8
5 4 6 8 7 9 2 1 3
9 8 1 3 2 4 6 5 7
1 6 5 4 9 8 7 3 2
8 7 9 2 1 3 5 4 6
3 2 4 7 5 7 9 8 1
4 9 8 7 3 2 1 6 5
2 1 3 5 4 6 8 7 9
6 5 7 9 8 1 3 2 4
3
7 6 5 1 9 8 4 3 2
8 1 9 2 4 3 5 7 6
3 2 4 6 5 7 9 8 1
1 9 8 4 3 2 7 6 5
2 4 3 5 7 6 8 1 9
6 5 7 9 8 1 3 2 4
4 3 2 7 6 5 1 9 8
5 7 6 8 1 9 2 4 3
9 8 1 3 2 4 6 5 7
3
4 6 8 7 9 2 1 3 5
2 1 9 5 4 3 8 7 6
3 5 7 6 8 1 9 2 4
7 9 2 1 3 5 4 6 8
5 4 3 8 7 6 2 1 9
6 8 1 9 2 4 3 5 7
1 3 5 4 6 8 7 9 2
8 7 6 3 1 9 5 4 3
9 2 4 3 5 7 6 8 1
3
1 6 2 4 9 5 7 3 8
5 7 9 8 1 3 2 4 6
3 8 4 6 2 7 9 5 1
4 9 5 7 3 8 1 6 2
8 1 3 2 4 6 5 7 9
6 2 7 9 5 1 3 8 4
7 3 8 1 6 2 4 9 5
2 4 6 5 7 9 8 1 3
9 5 1 3 8 4 6 2 7
3
4 3 2 7 6 5 1 9 8
5 1 9 8 4 3 2 7 6
6 8 7 9 2 1 3 5 4
7 6 5 1 9 8 4 3 2
8 4 3 2 7 6 5 1 9
9 2 1 3 5 4 6 8 7
1 9 8 4 3 2 7 6 5
2 7 6 5 1 9 8 4 3
3 5 4 6 8 7 9 2 1
3
7 3 8 1 6 2 4 9 5
2 1 6 5 4 9 8 7 3
9 5 4 3 8 7 6 2 1
1 6 2 4 9 5 7 3 8
5 4 9 8 7 3 2 1 6
3 8 7 6 2 1 9 5 4
4 9 5 7 3 8 1 6 2
8 7 3 2 1 6 5 4 9
6 2 1 9 5 4 3 8 7
3
7 9 5 1 3 8 4 6 2
8 1 6 2 4 9 5 7 3
3 2 4 6 5 7 9 8 1
1 3 8 4 6 3 7 9 5
2 4 9 5 7 3 8 1 6
6 5 7 9 8 1 3 2 4
4 6 2 7 9 5 1 3 8
5 7 3 8 1 6 2 4 9
9 8 1 3 2 4 6 5 7
3
4 9 2 7 3 5 1 6 8
8 7 6 2 1 9 5 4 3
3 5 1 6 8 4 9 2 7
7 3 5 1 6 8 4 9 2
2 1 9 5 4 3 8 7 6
6 8 4 9 2 7 3 5 1
1 6 8 4 9 2 7 3 5
5 4 3 8 7 6 2 1 9
9 2 7 3 5 1 6 8 4
3
7 3 8 1 6 2 4 9 5
5 4 9 8 7 3 2 1 6
6 2 1 9 5 4 3 8 7
1 6 2 4 9 5 7 3 8
8 7 3 2 1 6 5 4 9
9 5 4 3 8 7 6 2 1
4 9 5 7 3 8 1 6 2
2 1 6 5 4 9 8 7 3
3 8 7 6 2 1 9 5 4
3
1 3 2 4 6 5 7 9 8
8 7 6 2 1 9 5 4 3
9 5 4 3 8 7 6 2 1
4 6 5 7 9 8 1 3 2
2 1 9 5 4 3 8 7 6
3 8 7 6 2 1 9 5 4
7 9 8 1 3 2 4 6 5
5 4 3 8 7 6 2 1 9
6 2 1 9 5 4 3 8 7
3
244 246 245 238 240 239 241 243 242
239 241 240 242 244 243 245 238 246
243 242 238 246 245 241 240 239 244
238 240 239 241 243 242 244 246 245
242 244 243 245 238 246 239 241 240
246 245 241 240 239 244 243 242 238
241 243 242 244 246 245 238 240 239
245 238 246 239 241 240 242 244 243
240 239 244 243 242 238 246 245 241
3
4 3 5 7 6 8 1 9 2
8 1 9 2 4 3 5 7 6
6 2 7 9 5 1 3 8 4
7 6 8 1 9 2 4 3 5
2 4 3 5 7 6 8 1 9
9 5 1 3 8 4 6 2 7
1 9 2 4 3 5 7 6 8
5 7 6 8 1 9 2 4 3
3 8 4 6 2 7 9 5 1
3
4 6 5 7 9 8 1 3 2
2 1 3 5 4 6 8 7 9
9 8 7 3 2 1 6 5 4
7 9 8 1 3 2 4 6 5
5 4 6 8 7 9 2 2 3
3 2 1 6 5 4 9 8 7
1 3 2 4 6 5 7 9 8
8 7 9 2 1 3 5 4 6
6 5 4 9 8 7 3 2 1
3
4 3 8 7 6 2 1 9 5
2 7 9 5 1 3 8 4 6
6 5 1 9 8 4 3 2 7
7 6 2 1 9 5 4 3 8
5 1 3 8 4 6 2 7 9
9 8 4 3 2 7 6 5 1
1 9 5 4 3 8 7 6 2
8 4 6 2 7 9 5 1 3
3 2 7 6 5 1 9 8 4
3
7 3 5 1 6 8 4 9 2
2 4 9 5 7 3 8 1 6
6 8 1 9 2 4 3 5 7
1 6 8 4 9 2 7 3 5
5 7 3 8 1 6 2 4 9
9 2 4 3 5 7 6 8 1
4 9 2 7 3 5 1 6 8
8 1 6 2 4 9 5 7 3
3 5 7 6 8 1 9 2 4
3
63 71 64 66 65 67 69 68 70
67 69 65 70 63 68 64 66 71
68 70 66 71 64 69 65 67 63
66 65 67 69 68 70 63 71 64
70 63 68 64 66 71 67 69 65
71 64 69 65 67 63 68 70 66
69 68 70 63 71 64 66 65 67
64 66 71 67 69 65 70 63 68
65 67 63 68 70 66 71 64 69
3
1 3 8 4 6 2 7 9 5
2 4 9 5 7 3 8 1 6
6 5 7 9 8 1 3 2 4
4 6 2 7 9 5 1 3 8
5 7 3 8 1 6 2 4 9
9 8 1 3 2 4 6 5 7
7 9 5 1 3 8 4 6 2
8 1 6 2 4 9 5 7 3
3 2 4 6 5 7 9 8 1
3
7 3 2 1 6 5 4 9 8
8 4 9 2 7 3 5 1 6
6 5 1 9 8 4 3 2 7
1 6 5 4 9 8 7 3 2
2 7 3 5 1 6 8 4 9
9 8 4 3 2 7 6 5 1
4 9 8 7 3 2 1 6 5
5 1 6 8 4 9 2 7 3
3 2 7 6 5 1 9 8 4
3
4 9 8 7 3 2 1 6 5
5 7 6 8 1 9 2 4 3
3 2 1 6 5 4 9 8 7
7 3 2 1 6 5 4 9 8
8 1 9 2 4 3 5 7 6
6 5 4 9 8 7 3 2 1
1 6 5 4 9 8 7 3 2
2 4 3 5 7 6 8 1 9
9 8 7 3 2 1 6 5 4
3
1 9 8 4 3 2 7 6 5
2 4 3 5 7 6 8 1 9
6 5 7 9 8 1 3 2 4
4 3 2 7 6 5 1 9 8
5 7 6 8 1 9 2 4 3
9 8 1 3 2 4 6 5 7
7 6 5 1 9 8 4 3 2
8 1 9 2 4 3 5 7 7
3 2 4 6 5 7 9 8 1
3
1 3 2 4 6 5 7 9 8
5 7 9 8 1 3 2 5 6
6 8 4 9 2 7 3 5 1
4 6 5 7 9 8 1 3 2
8 1 3 2 4 6 5 7 9
9 2 7 3 5 1 6 8 4
7 9 8 1 3 2 4 6 5
2 4 6 5 7 9 8 1 3
3 5 1 6 8 4 9 2 7
3
7 6 2 1 9 5 4 3 8
5 4 3 8 7 6 2 1 9
9 8 1 3 2 4 6 5 7
1 9 5 4 3 8 7 6 2
8 7 6 2 1 9 5 4 3
3 2 4 6 5 7 9 8 1
4 3 8 7 6 2 1 9 5
2 1 9 5 4 3 8 7 6
6 5 7 9 8 1 3 2 4
3
1 6 5 4 9 8 7 3 2
8 7 3 2 1 6 5 4 9
9 2 4 3 5 7 6 8 1
4 9 8 7 3 2 1 6 5
2 1 6 5 4 9 8 7 3
3 5 7 6 8 1 9 2 4
7 3 2 1 6 5 4 9 8
5 4 9 8 7 3 2 1 6
6 8 1 9 2 4 3 5 7
3
224 226 225 227 229 228 221 223 222
222 221 223 225 224 226 228 227 229
229 228 227 223 222 221 226 225 224
227 229 228 221 223 222 224 226 225
225 224 226 228 227 229 222 221 223
223 222 221 226 225 224 229 228 227
221 223 222 224 226 225 227 229 228
228 227 229 222 221 223 225 224 226
226 225 224 229 228 227 223 222 221
3
7 6 8 1 9 2 4 3 5
2 4 9 5 7 3 8 1 6
3 5 1 6 8 4 9 2 7
1 9 2 4 3 5 7 6 8
5 7 3 8 1 6 2 4 9
6 8 4 9 2 7 3 5 1
4 3 5 7 6 8 1 9 2
8 1 6 2 4 9 5 7 3
9 2 7 3 5 1 6 8 4
3
1 9 2 4 3 5 7 6 8
5 4 3 8 7 6 2 1 9
6 8 7 9 2 1 3 5 4
4 3 5 7 6 8 1 9 2
8 7 6 2 1 9 5 4 3
9 2 1 3 5 4 6 8 7
7 6 8 1 9 2 4 3 5
2 1 9 5 4 3 8 7 6
3 5 4 6 8 7 9 2 1
3
7 3 5 2 6 8 4 9 2
2 4 9 5 7 3 8 1 6
6 8 1 9 2 4 3 5 7
1 6 8 4 9 2 7 3 5
5 7 3 8 1 6 2 4 9
9 2 4 3 5 7 6 8 1
4 9 2 7 3 5 1 6 8
8 1 6 2 4 9 5 7 3
3 5 7 6 8 1 9 2 4
3
4 9 5 7 3 8 1 6 2
2 1 6 5 4 9 8 7 3
3 8 7 6 2 1 9 5 4
7 3 8 1 6 2 4 9 5
5 4 9 8 7 3 2 1 6
6 2 1 9 5 4 3 8 7
1 6 2 4 9 5 7 3 8
8 7 3 2 1 6 5 4 9
9 5 4 3 8 7 6 2 1
